2.788092775381191823e-01
1.036796119398398081e-01
6.978908070678484232e-02
-2.063817190313928240e-01
2.783937931338363418e-03
1.290624360718260755e-01
-1.877443449517249285e-02
1.266853554262674098e-01
1.258170572398015497e-01
1.441470687377846560e-02
-2.701978229462187117e-02
5.944743853378437609e-02
-2.514236005517765660e-02
-1.162718693991520308e-01
-2.520927797238738943e-01
-1.297930505665499945e-01
1.441697964090692292e-02
1.079451115243440923e-01
1.935533371377536060e-01
8.125046448462869275e-02
-2.362167543354508001e-02
2.004843171791612783e-02
1.974050263276980188e-01
1.189351808558050672e-01
1.969188416907288186e-01
6.011305429697744174e-02
1.197372839962743407e-01
6.083814221587161009e-02
1.501381411015157430e-01
1.197641913558365051e-01
1.828997928004449935e-02
1.143709603287974275e-01
-8.068082592955301904e-03
8.946336689336695236e-02
1.014248265458548848e-01
2.080259247019168867e-01
6.009314046482897020e-02
8.833443143166012923e-02
1.085210067896301422e-02
-3.352921867302535719e-02
1.090412485301692630e-01
-3.850838406141662146e-02
9.908935335025736979e-02
1.521256029021713641e-01
3.914554186904341260e-02
7.448964535108061613e-02
-1.321595012383476042e-01
-1.594581289112623895e-02
-2.608252940849493939e-02
-2.463176695707381958e-01
1.087993106411087180e-01
-2.134285000207569380e-02
1.240935099991094387e-01
3.457969112829452629e-01
3.143577887331379106e-01
8.547235281866799247e-03
2.182753247615020278e-02
-1.478773907384152153e-01
-2.381381235917487960e-01
-2.641989419373857451e-01
-9.913085211103236927e-02
-1.185534878706885446e-02
-1.423273563184614954e-01
-1.425446686080951431e-02
6.505738897439926338e-02
1.245863257282182474e-01
1.086643642233951074e-01
1.029181296990838712e-01
-1.257904207850140121e-01
1.378659211594054634e-01
-1.545225714663333305e-01
3.395400381343174900e-01
-2.155271763938120810e-01
3.310094893979261682e-02
1.374670967688648160e-01
3.605018718775154091e-02
9.446840852094101626e-02
-9.410186500631363693e-02
-2.404057765845608180e-02
-8.888947451375356357e-02
-1.559091053485487099e-01
1.283046629318695397e-01
1.837212280363178726e-02
-8.107609073277383116e-02
9.366715790508299555e-02
-2.070909908706992236e-02
-1.617597130057299992e-01
2.232439755024684946e-01
-1.872833981535715620e-01
1.786861086114128194e-01
6.118301624546548106e-02
-2.269479205783081835e-02
8.170262126721599544e-03
8.739513294689671419e-02
1.072810332171435510e-01
3.353552886197579824e-02
-9.480494942560324656e-02
-2.892166146226645210e-02
-9.951323570401818253e-02
-4.751777286531014277e-02
-3.891511242360987805e-02
-9.612549495805411404e-02
-1.598168895613195917e-01
2.066271959353695870e-02
-7.502340052288282435e-02
8.585616344927929355e-02
-2.335147228323364299e-02
8.570149885455140282e-02
2.277505868079930315e-02
1.555096917192652639e-01
8.718816966274160751e-02
-6.443326345968343472e-02
7.844412254135636753e-02
-1.375949609089150427e-01
-1.219106389377790228e-01
-2.166905494025158085e-01
-1.814794349552330266e-01
-1.453403529443860753e-01
-8.984484404960864368e-02
-1.425482708156730789e-02
1.064341932486839552e-02
4.606748218986883234e-04
-6.907976023053831113e-03
6.355989625383719199e-02
-2.393920707618193283e-02
-1.387457660588491404e-01
-2.846301332798143596e-02
-1.053363883342146451e-01
-4.505035844661828964e-02
-7.636216716622837297e-02
-1.296098663416658803e-01
-2.500809775447951355e-01
-1.530625923932818211e-01
-1.658825998553416503e-01
-4.387076973817070902e-02
3.097062481506149961e-02
-3.172740608874834167e-02
4.376963617211677288e-02
-9.981179361289695129e-02
-3.770323456675322982e-02
-3.395726312599198216e-02
-2.765118588361236696e-01
-1.382307126586928558e-01
1.048203878178954190e-01
1.093477089464452573e-01
-1.699101238817581419e-02
1.099330399988788926e-01
6.728870068582164243e-02
-8.863415116911078917e-02
-6.340372041712639961e-02
3.823688995255845186e-02
-8.306510356376818616e-02
2.249605319101554979e-01
2.877033673638849237e-02
1.576992025426848104e-02
3.586701972069978872e-01
-2.333426729169829281e-02
-5.069797437604941365e-02
9.787731162683072084e-02
2.765839591812506437e-02
1.042183009377978947e-02
-2.907411350168083441e-02
-1.522387712784419589e-01
2.454292121690726178e-02
-1.112128063608329720e-01
1.281416108999665002e-02
1.252937862744807618e-01
-2.687762128736281841e-02
7.704516414536204116e-02
5.885445112873577411e-02
5.464273168593006269e-03
-7.314091962008424652e-02
-2.129962621382093524e-02
1.091604170963710874e-01
1.122933916197976917e-01
-6.707048210217503303e-02
-1.806126627974679877e-01
-6.565793948063324004e-02
-1.237449182767999881e-02
-4.760978991149666245e-02
3.919648718129483539e-02
5.393360593051224616e-02
3.539420015031420706e-03
-7.968591055598805983e-02
1.077935283889597667e-01
-8.534270340435164484e-03
-3.404204206422266343e-02
-6.266272014315681094e-02
3.838509625896154714e-02
2.221525525684179148e-03
-6.005205725572156789e-02
-8.266061949227448968e-02
4.438481755619151647e-02
1.673389952732794519e-02
6.310098807579158156e-03
-8.089588657170991570e-02
-8.236110754585582172e-02
-5.834507138679730087e-02
-8.855693410368536966e-02
-1.026943091034390187e-01
-4.352294445305564252e-02
4.085488695011198212e-02
-3.875723023785550281e-02
-2.042325936762382638e-02
-3.435029732629374388e-02
2.410795584518129944e-03
-1.220355148755124762e-02
-9.600887711246658407e-02
1.074046951892843743e-01
-4.435490774276294734e-02
-3.956706820909229594e-02
-1.193162086542663008e-01
1.419575594392440410e-01
-6.282422640628626542e-02
-1.268790058583072200e-01
-3.228267505074938759e-02
2.692435596193038308e-02
-4.754591671710724915e-02
-1.302927244331110283e-02
2.262349827658474144e-01
-6.529659546459040675e-02
-9.316191701713748274e-02
-1.272838988491139731e-02
-1.695551588449281666e-01
1.639406397805317356e-02
1.601889286504490362e-01
-5.137101645643057241e-02
-4.961523902475131753e-02
-1.251099533645918908e-02
1.083258010205537247e-02
-1.033869330411711918e-01
1.927078389606130815e-01
-1.181534393719604614e-01
-3.158484878942514201e-02
-2.425060053910042465e-02
-7.890374609217089275e-02
1.127478909503026039e-01
-8.790081870697923072e-02
-2.766727077319288200e-02
-1.143317291827935719e-02
2.621659286910932862e-01
-5.316259370916301408e-02
-1.611231056335870881e-01
2.944032681411655472e-02
4.907524140254700823e-02
-1.291583950429561478e-01
-7.869478316014509589e-02
-5.955469072361518207e-02
1.396150973186601751e-01
-2.657508474568069309e-02
-9.467829795984707489e-03
-3.567344013856678375e-02
3.983329839427879326e-02
-6.656992277319255524e-02
-8.687185515007432579e-02
-8.013687614034785064e-03
1.345464222045681391e-01
3.417108567085892779e-02
-3.216713387745068903e-02
6.732683412246676102e-02
-3.082469010091365771e-02
-1.350294567041843974e-01
3.531482809023361868e-02
1.666457144595612228e-02
-1.523299034144790128e-02
-6.961236287948979751e-02
