6.436721181654180002e-02
3.984519078420645927e-02
1.449429984973399643e-01
9.427730995298091998e-02
1.388783395899435488e-02
-1.595738215262006432e-01
9.852279207148802176e-02
2.186867056460440883e-01
2.191772512724243505e-01
-1.689749811497704424e-01
3.102139375948334554e-01
-1.225397484931801950e-01
-3.575357535511253237e-02
4.467364460338441728e-02
3.134270382058199078e-02
2.690195404698296211e-01
1.179732833502118022e-02
7.839725846741280035e-02
9.425641107552854003e-02
7.741198472113644535e-03
1.477170598913076557e-03
-2.135583458237522506e-02
1.319518590325979290e-01
1.662217857020509004e-01
1.021977381238640820e-01
-3.201471007900967836e-01
1.115052781780246499e-02
-3.620991548591871029e-02
1.714528239019400546e-01
2.050791976606258695e-03
-7.806942401754420405e-03
-5.549651094180169109e-02
7.740076870906834050e-02
7.945113082982070696e-02
-7.942493313426139678e-02
-2.685322780660576517e-02
-8.238162792759549935e-02
-1.721094651269860498e-01
2.409471006930992143e-01
-6.714507989699962376e-02
1.490361401797714834e-02
-5.757171969555210933e-02
-1.347122895620856964e-01
-1.297217232704535594e-01
-3.183377486344204227e-02
2.966993108273419666e-01
1.134645987586838795e-01
1.538318354881748617e-01
3.405869732571168394e-03
-5.052899792177518307e-02
7.283163695615930966e-02
-8.343370256660137541e-02
8.349752373326779775e-02
-5.585885041849525390e-02
8.389383054641791349e-02
-3.629459894964969652e-02
-3.414744482695781375e-02
-1.858337566556303444e-01
3.776179198753706889e-02
1.280148203345036206e-01
7.522449513334213134e-02
-3.830694646552405824e-02
-1.893501742046709568e-01
6.776579656571021792e-02
6.470894639598345766e-02
-9.103778127609249426e-02
-4.758583202899669545e-03
2.147731094277254005e-02
1.496834972611736370e-01
2.258935507752447489e-02
4.505605304061535005e-02
-7.120322110990319475e-02
2.454032322295044144e-01
-2.212523875529343043e-02
-1.092050331297829829e-01
-3.021804924848938909e-02
-4.524957785594562604e-02
-3.659482499386124826e-02
2.539566184387919701e-01
-4.025764788491317109e-02
-3.259115705230251903e-02
-9.278409571860023186e-02
-3.906571407816476771e-02
1.833297669435748067e-01
1.553624616108235379e-01
5.884575142972209988e-02
-1.637137956405879113e-01
-2.101997022611165888e-01
-4.755043713765090899e-03
1.199977642744733952e-01
4.213174868988938532e-02
9.852584144284587397e-02
-5.720253463491222629e-02
1.633942660063844587e-01
-2.902722673557723426e-02
-5.334836703896496390e-02
9.528799004649271542e-03
9.673435740101567898e-03
-1.256687126691708942e-02
-1.143487126177933078e-01
-7.551239578938499786e-02
-1.342395667140798554e-01
1.192959340928775175e-01
1.126335900785092360e-02
-4.165529527738941890e-02
5.491441774492635680e-02
5.172932170964023198e-03
1.530353524941595322e-01
6.157657239374263181e-02
-7.457150738043095972e-02
-1.635258619655994283e-01
1.663197119485507747e-01
-4.826410144018895843e-02
2.633076593974549851e-01
1.482688910984275577e-01
-5.973496147541348250e-02
-2.380308483799897235e-01
-6.107595942287728091e-02
8.992832196214620155e-02
-4.330891268428209429e-02
-1.593111063258047799e-01
-5.119637904468837299e-03
-4.736919111901049390e-02
-6.975922151988531161e-02
-1.053746328843289531e-01
-1.411380707242226307e-01
-3.890990651355132057e-02
2.119467732771097290e-01
1.067591652335629360e-01
-1.640508913867360918e-01
-9.943113929455431321e-02
-1.623647893257932628e-01
-1.047712633796144960e-01
-1.494094458022571514e-01
-3.000816523059387370e-02
2.103598192643117704e-01
1.014822133358539782e-03
-9.934581495101303325e-03
-7.392184872496236625e-02
-1.578632541166709036e-01
5.051069383180360056e-02
9.670819214074853620e-02
3.580987459674403461e-02
4.511493225533196733e-02
-5.484340144532152267e-02
6.866041726010861657e-02
4.847389501839059062e-02
1.353920194539616761e-01
1.901655857314583226e-02
1.552173035490328479e-01
-1.874795895070438621e-03
-8.027977724455115371e-02
-6.968343253220624089e-02
-1.574011822253546244e-01
8.931362139147515367e-02
3.024468888650125916e-03
-7.039486071911349452e-02
4.665026341628766837e-02
2.849999482071364013e-02
7.469998228651032746e-02
8.469910222353292661e-02
-1.458070897121684258e-02
-1.100716810105067250e-01
-5.012259668366040449e-02
7.369966104459274581e-02
-1.482921647655104092e-01
-9.953209762497286853e-03
-1.536399740284076221e-01
3.457162617952600631e-02
-1.303266789840691886e-01
-9.265390020381610026e-02
-6.857597686974443996e-02
-8.503988561679841351e-02
2.419604161341557813e-01
-8.249856576044022061e-02
-3.586531898206644919e-02
1.489940584527559841e-01
-9.396646802997059289e-02
2.881004775010529428e-01
-2.700261102831395810e-02
-1.164774217841342968e-01
-5.097402474602731604e-02
1.791224075205110622e-01
-1.905194173379556599e-01
5.230578581569732266e-02
-2.281878936633915944e-02
5.510115193425944163e-02
1.726815150301933832e-01
3.912027742437852035e-02
-1.627208554738248658e-01
-4.001349073638470200e-02
-4.036158719712987925e-02
-4.477215865304052904e-03
-1.093993123915460025e-01
-1.458588169832183284e-02
-1.147239854087541006e-01
-1.084629121980362487e-01
-1.959484303733513011e-01
2.324357567131031810e-01
-3.081770805363687887e-02
7.793834002122168592e-02
-3.216014327285626664e-03
3.950806723117496894e-02
-3.164507225235693028e-02
-6.258742864128753747e-02
-1.266366607221128815e-01
3.869012832819285555e-03
-4.188733866491526486e-02
-1.544992468374328243e-01
-9.037717721946560145e-02
-8.741365699221786967e-02
-8.209271794833589153e-02
-4.536130237924055481e-02
4.238454824656600478e-02
1.037609663790659831e-01
