-3.500991032853392748e-02
-7.149746365034669038e-02
7.749602755472136117e-02
5.144968865457164725e-02
1.474979639902846695e-01
-6.283317980505413736e-02
2.169729491203566119e-02
5.281968447156742963e-02
3.709529054065608539e-02
3.340801811273214766e-02
3.658303839975869387e-01
-2.643508167679392909e-02
-4.309134744911782486e-03
-1.079902380150048191e-01
-3.233292443113339881e-03
1.144298836050119672e-01
1.345945147489412963e-01
2.662805547669891970e-01
7.143474769701289862e-02
3.606474096845577876e-02
-7.086894151031360167e-02
1.662964835348273995e-01
-2.186008838008604016e-01
1.536544773223141314e-01
-8.420637030937802581e-02
7.008423211242530149e-02
1.195276482798717510e-01
-8.808440174209085372e-02
1.742815012230788385e-01
3.004083164498966979e-02
2.668548462146260250e-02
-3.109057317518561236e-02
4.918019383330491517e-02
2.835181166102212352e-02
-1.237437518642752754e-01
-1.426484536047084306e-01
1.722421326775995243e-01
-1.284797705163811523e-03
3.168297946187809688e-01
-1.623702948371389676e-01
-9.141180301662213056e-03
-1.118241641221158073e-01
-1.219670630624907076e-01
4.196470478183077224e-02
1.237175277310747501e-01
-5.023159363907989811e-03
9.588679603864273815e-03
-7.374464471548003441e-02
-2.453813664964362984e-01
1.117811863282323903e-01
-5.479257001227647722e-02
-1.510385536864945668e-03
4.788036046122957218e-02
-1.729662715609205648e-01
2.878330348864285501e-02
-5.622095840863361449e-02
-2.976397955325036856e-02
1.407231516522720605e-01
-1.070711574053053936e-02
2.486773087942203281e-03
1.917244597542445972e-01
-1.806290952055266685e-01
-1.186763794855029280e-01
-3.063314498847491754e-02
9.060824606685706495e-02
3.210752205120200736e-02
9.542213717436304199e-02
-2.678244387722092945e-01
2.296558898067477782e-03
-4.397207620133324057e-02
-2.045640119763336429e-01
-1.151976217442854666e-01
4.319053568021417877e-02
1.291021981386605844e-01
9.375673187398833597e-03
4.447844105601047454e-02
1.553627234980793081e-01
1.075090897454207828e-01
-3.231100499392693809e-02
-1.997631290405209314e-01
-9.353669021727314958e-02
2.656478043126665051e-02
4.177686553245093734e-03
-3.712277403492769950e-03
-1.188394392252779264e-01
-5.873576451331899428e-02
-1.723344828374759052e-01
1.507079913259923298e-01
-1.645731874162491837e-01
-4.569163199265826279e-03
-1.538913470953368057e-01
1.120403728424061718e-01
-5.314213816550725222e-02
2.061448797588830498e-03
6.913885285755046184e-02
-4.070794996686149386e-02
1.740348211226399044e-01
-6.347367252121911829e-02
-1.066866859882544816e-01
-7.488287804028588568e-02
-4.030821752160545363e-02
-1.548997456028096409e-01
-9.414345508975251187e-02
-7.369958109081262143e-02
-2.440025494326746383e-02
1.690333152020635776e-01
-4.150014942416971331e-02
1.560928036459736101e-01
7.473327731584314057e-03
-7.408314685551321832e-02
-9.084427732506980546e-02
1.974867492906618241e-02
2.248386799022437654e-01
-1.120343314968007785e-02
1.208865613921154408e-01
-7.349867286937834809e-02
3.993030405411579498e-02
-3.060488878720149519e-01
-6.550404148369141921e-02
-2.407138324333426074e-02
-8.479354190315538387e-02
2.253544910585017214e-01
1.479828352550884574e-01
-2.837587135704935232e-02
-2.278262429935830891e-01
-1.110475081051560675e-01
-2.119178334907882433e-01
7.041133978351352130e-02
-5.182596554414301698e-02
1.603833929299122718e-01
-1.161423438367412825e-02
-4.320353462267591260e-02
2.315328426660314895e-03
-9.084366633889473519e-02
-1.610182279874373679e-01
3.300685611418836818e-02
-5.766883576814681167e-02
-5.495244053536951084e-02
3.400105520838953010e-02
-5.160435433252692772e-02
2.851410267632730963e-02
-1.744176048225951417e-02
8.999257143092943834e-02
-3.928806506148422445e-02
7.948878305551308754e-02
2.259556108969868957e-02
-5.728882666933397816e-02
-5.866114605938711063e-02
-1.186251992888364033e-02
-6.538013221041930056e-02
4.224475256812033896e-02
-1.440860781750969918e-02
7.286082595578698140e-02
