2.989425084531221466e-01
4.569355008299732374e-02
1.355214230985996304e-01
1.265913465896104373e-01
-1.398123980902156727e-01
1.224853148165251648e-01
-2.195253221504929811e-02
2.285392820748027853e-02
-9.684586694130505047e-02
-1.030571472423113741e-02
9.219969784274454142e-03
4.765264048616552062e-02
-2.032505999029701194e-01
-3.836008864972088872e-02
1.152512512443132050e-03
-6.868975363196913597e-02
6.971673901589833799e-02
-7.075415446879496084e-02
7.142368933419213084e-02
1.282368369608922198e-01
1.268289605360103101e-01
1.377882033116174521e-01
2.395839602482378872e-02
4.117357384577019497e-02
3.553806593527440993e-01
-1.798807142748893098e-02
-4.198347697925812472e-02
-2.244301266259024485e-01
-5.327540836545745229e-02
-4.652595017083752116e-02
1.110160706334163260e-03
1.065278480129975142e-01
-1.020465155590310896e-01
1.062343514833854032e-03
-6.155212070036916727e-02
1.039702261354032570e-01
-2.806251348228078202e-02
-3.210530118147733591e-02
7.978571471102539892e-02
-4.086243674866151671e-02
-1.203525002901694070e-02
1.108502723099286380e-01
4.838244108437359664e-02
-7.514806513449735770e-02
-3.312975138061595437e-02
7.318262310994015640e-02
8.156362641072377809e-03
-1.255181096308660149e-01
-1.201230900989556927e-01
-2.152954992030550463e-01
-1.303797530928027248e-01
-6.889158096300579404e-02
2.006012649176327489e-01
-9.229899404648170269e-02
-2.328037262104409866e-01
-9.989821964509779106e-02
-4.323763180155931751e-02
4.123540206039696399e-01
9.599621448323134715e-03
6.360545541478239417e-03
1.815981099165818458e-02
2.049219421010261277e-01
2.799874552823653495e-01
6.058449009759397930e-02
5.655883543779088862e-02
1.534136520833271830e-02
1.334816776936641747e-01
-6.119886546146596773e-02
-1.170274602767286953e-01
1.257121661802943456e-02
-1.412412534926008913e-02
-1.081228940501572644e-01
-6.228110537928307350e-02
4.056680273019366290e-01
-1.554495340932625091e-01
1.508100240903145206e-01
8.963748441641695985e-03
-2.034968408486149960e-01
-7.380032853253180869e-02
-3.412697101761043572e-01
-1.030394671233341303e-01
1.885124249923876560e-02
-4.709122781581798894e-02
-1.491090112203268259e-01
-3.221197488650578283e-02
-2.578603192457700269e-02
-1.484431233367090319e-01
-1.072663037568745287e-01
4.422608955443820683e-02
-6.569201337351167347e-02
3.930557248290055677e-02
1.003635686503722285e-01
3.629534653406644995e-02
-5.447782693204348062e-03
-2.734002463623732559e-01
-4.758465406814144094e-02
-8.545806594320724814e-02
1.780429803822572432e-01
3.071117570432640650e-02
-7.835554931585804808e-03
1.174314670607299327e-01
5.226274062619478550e-02
-2.656716075747439162e-02
-7.744485835837244814e-02
-4.308430118234411049e-02
2.677477320699022667e-01
3.430642503529591769e-01
-2.924229429148805792e-02
3.131759292289234501e-03
1.058545437520712479e-01
4.122853543821369815e-02
-1.394124868230716963e-01
-1.157208085993527286e-01
-4.066356307999030063e-03
1.719067883082707124e-02
-1.514253014635729699e-01
7.177623285476091020e-02
4.659627046010101498e-03
3.317617178349470397e-02
3.442505314259644567e-02
